245.tiff
246.tiff
247.tiff
248.tiff
250.tiff
254.tiff
258.tiff
259.tiff
260.tiff
261.tiff
263.tiff
264.tiff
265.tiff
267.tiff
270.tiff
271.tiff
272.tiff
273.tiff
277.tiff
278.tiff
279.tiff
280.tiff
281.tiff
282.tiff
283.tiff
285.tiff
286.tiff
287.tiff
288.tiff
290.tiff
293.tiff
294.tiff
296.tiff
297.tiff
